1158
1323
1480
1115
1009
1404
1613
1620
1192
1311
1361
1568
1737
1061
1093
1019
1176
1326
1838
1343
1989
1436
1940
1095
1004
1125
1132
1806
1566
1871
1536
1240
1551
1750
1157
1400
1345
1870
1325
1245
1803
1979
1905
1836
1049
1830
1352
1652
1967
1155
1609
1664
1626
1041
1816
1658
1230
1516
1929
1522
1676
1022
1229
1175
1200
1519
1130
1778
1402
1313
1890
1136
1580
1973
1556
1589
1408
1414
1129
1120
1177
1595
1683
1994
1921
1089
1703
1987
1883
1901
1997
1112
1687
1293
1076
1880
1738
1491
1789
1479
1438
1086
1735
1254
1919
1787
1619
1576
1446
1777
1334
1376
1951
1038
1776
1643
1545
1564
1387
1223
1559
1667
1380
1227
1788
1725
1760
1488
1051
1586
1734
1321
1686
1043
1615
1685
1935
1199
1398
1036
1149
1885
1846
1145
1879
1490
1208
1538
1465
1761
1672
1894
1555
1153
1669
1182
1040
1633
1238
1508
1832
1259
1752
1603
1621
1933
1501
1462
1356
1467
1590
1304
1439
1691
1920
1048
1546
1932
1457
1650
1756
1848
1271
1141
1814
1225
1469
1088
1336
1625
1394
1984
1090
1999
1239
1781
1990
1802
1059
1498
1319
1976
1868
1917
1684
1527
1638
1487
1007
1211
1724
1063
1647
1186
1028
1244
1286
1453
1795
1381
1037
1283
1813
1937
1156
1941
1783
1518
1733
1828
1897
1801
1978
1982
1665
1306
1506
1808
1977
1796
1720
1922
1607
1161
1262
1497
1842
1532
1072
1012
1248
1263
1215
1730
1075
1547
1907
1675
1904
1622
1476
1123
1162
1834
1618
1288
1419
1397
1535
1340
1014
1954
1031
1826
1764
1284
1792
1001
1322
1541
1460
1960
1396
1468
1374
1807
1936
1290
1579
1347
1736
1849
1160
1727
1312
1708
1359
1572
1509
1496
1529
1774
1342
1373
1187
1042
1928
1065
1056
1877
1013
1316
1753
1811
1026
1083
1839
1772
1395
1432
1903
1403
1274
1704
1358
1020
1427
1134
1035
1712
1471
1291
1451
1754
1713
1872
1148
1660
1588
1057
1955
1537
1039
1863
1105
1517
1629
1995
1637
1581
1489
1824
1810
1281
1530
1927
1494
1835
1121
1766
1332
1755
1110
1016
1091
1892
1587
1751
1993
1889
1823
1886
1542
1991
1348
1657
1280
1410
1333
1184
1510
1784
1661
1429
1525
1124
1314
1992
1862
1574
1221
1437
1430
1829
1420
1959
1401
1213
1299
1144
1682
1365
1817
1454
1236
1513
1648
1201
1104
1181
1452
1455
1956
1557
1047
1122
1167
1874
1310
1975
1428
1377
1114
1287
1317
1677
1108
1565
1855
1405
1461
1923
1384
1946
1185
1010
1612
1102
1294
1743
1947
1614
1492
1024
1767
1988
1053
1268
1888
1386
1193
1470
1775
1694
1458
1098
1434
1131
1707
1893
1128
1190
1562
1540
1084
1272
1843
1569
1308
1567
1472
1005
1349
1908
1662
1378
1678
1442
1198
1025
1550
1257
1235
1118
1966
1168
1234
1698
1963
1561
1964
1372
1864
1103
1484
1366
1289
1617
1881
1515
1953
1060
1258
1045
1282
1821
1218
1426
1431
1370
1502
1353
1746
1298
1543
1558
1636
1847
1583
1392
1483
1055
1251
1309
1109
1865
1297
1367
1740
1759
1523
1902
1169
1998
1598
1511
1000
1610
1189
1021
1611
1945
1654
1505
1944
1171
1526
1078
1728
1032
1364
1867
1172
1477
1305
1520
1165
1690
1241
1273
1463
1793
1369
1668
1623
1113
1154
1379
1697
1749
1219
1116
1335
1339
1449
1069
1295
1315
1859
1524
1050
1630
1475
1742
1909
1415
1087
1242
1786
1166
1878
1769
1715
1206
1827
1119
1548
1459
1747
1435
1971
1554
1599
1628
1344
1899
1371
1466
1632
1514
1699
1898
1578
1804
1421
1985
1082
1943
1931
1029
1605
1486
1444
1493
1670
1205
1729
1815
1809
1820
1644
1416
1758
1797
1717
1151
1409
1173
1689
1659
1942
1210
1949
1969
1818
1133
1983
1656
1212
1499
1481
1023
1701
1852
1741
1570
1307
1252
1700
1196
1418
1845
1143
1003
1597
1256
1884
1952
1601
1174
1851
1170
1768
1711
1602
1584
1250
1957
1142
1044
1887
1279
1350
1375
1577
1970
1015
1930
1237
1261
1302
1705
1854
1799
1077
1958
1785
1233
1390
1346
1791
1006
1424
1961
1270
1671
1974
1411
1709
1723
1873
1341
1002
1640
1140
1896
1354
1412
1266
1267
1857
1417
1081
1092
1563
1965
1645
1080
1866
1278
1448
1986
1382
1560
1217
1285
1876
1666
1503
1209
1178
1693
1220
1616
1328
1296
1008
1798
1996
1137
1163
1179
1357
1214
1910
1593
1663
1100
1079
1191
1780
1718
1135
1363
1222
1393
1253
1726
1981
1138
1482
1972
1099
1635
1107
1914
1900
1918
1456
1265
1825
1368
1696
1631
1067
1320
1194
1195
1027
1962
1782
1594
1068
1831
1600
1224
1473
1739
1413
1757
1440
1948
1912
1763
1385
1748
1226
1064
1269
1197
1066
1695
1706
1653
1721
1822
1094
1425
1033
1794
1264
1126
1474
1228
1147
1604
1673
1573
1528
1447
1203
1011
1478
1641
1521
1433
1882
1844
1980
1034
1840
1895
1127
1054
1805
1495
1355
1533
1544
1627
1911
1338
1276
1606
1575
1301
1833
1850
1624
1860
1399
1534
1939
1146
1260
1731
1553
1765
1913
1111
1183
1445
1180
1924
1674
1869
1464
1275
1164
1596
1779
1423
1329
1096
1303
1722
1152
1207
1255
1539
1512
1688
1388
1771
1702
1159
1101
1582
1861
1360
1926
1337
1608
1634
1071
1327
1391
1773
1646
1552
1249
1841
1642
1858
1934
1906
1150
1383
1085
1710
1188
1837
1585
1046
1232
1681
1800
1812
1441
1925
1762
1719
1139
1318
1216
1500
1639
1875
1074
1891
1856
1649
1058
1422
1300
1790
1485
1330
1204
1443
1571
1915
1052
1070
1655
1938
1277
1679
1018
1651
1389
1531
1292
1714
1331
1030
1351
1247
1732
1324
1591
1853
1073
1450
1406
1745
1692
1062
1407
1504
1950
1744
1117
1017
1246
1202
1507
1231
1770
1716
1916
1097
1680
1362
1819
1549
1243
1106
1968
1592
639
977
461
308
387
20
436
871
789
480
708
258
323
341
253
275
114
545
808
86
51
8
49
573
17
64
603
924
87
657
334
433
515
983
62
890
511
427
196
324
299
79
156
277
43
830
499
852
782
614
415
817
985
795
604
851
738
312
74
811
219
535
204
31
829
494
96
824
553
815
396
159
2
881
3
710
552
706
72
423
165
686
827
414
803
814
918
245
857
955
689
655
627
685
439
276
189
790
199
620
350
676
698
797
450
647
801
784
512
565
775
840
84
602
971
401
777
880
754
269
578
78
630
641
167
47
353
109
619
185
646
381
460
207
66
155
479
321
644
928
563
319
594
149
831
933
382
248
771
164
146
445
344
157
587
23
693
872
489
218
925
356
430
419
68
687
834
524
211
32
409
141
736
867
670
610
588
923
718
688
519
417
290
747
897
555
295
530
223
404
551
631
848
939
866
225
802
297
844
161
411
727
106
886
963
922
193
119
178
340
640
700
134
962
765
525
914
256
859
65
338
42
292
82
892
361
776
152
498
753
560
904
122
162
522
456
380
800
707
336
24
596
626
761
180
956
825
979
240
643
853
335
637
819
720
682
197
166
95
144
760
953
673
947
586
999
568
571
549
862
346
11
316
103
901
363
398
973
232
994
666
792
613
377
835
472
533
948
90
432
237
407
138
860
668
763
926
110
681
650
213
961
579
615
385
91
485
536
487
446
826
163
306
724
858
716
285
621
758
769
201
842
352
818
675
220
143
838
250
694
362
438
252
457
873
841
861
127
26
501
208
113
389
785
913
683
495
593
807
783
153
123
816
467
772
92
764
746
911
730
44
975
616
339
970
195
372
118
405
508
554
14
431
482
322
518
699
93
13
839
399
564
249
667
203
496
67
642
184
212
465
843
173
680
989
921
981
333
183
365
820
869
94
507
45
526
70
235
473
656
659
607
52
874
224
302
566
406
885
768
447
900
233
244
513
358
845
875
734
478
182
889
349
142
121
940
672
665
112
532
69
969
628
541
314
744
1
345
390
151
172
238
958
351
298
124
649
757
990
652
227
115
370
289
81
376
964
847
732
100
39
723
416
476
514
328
0
877
270
878
663
320
441
310
379
952
569
576
739
98
704
965
437
7
148
367
635
425
632
850
756
654
265
442
821
280
930
600
12
502
73
558
246
108
54
888
378
612
80
63
823
46
577
209
968
35
959
561
368
557
38
410
822
538
175
234
854
517
936
28
691
919
540
912
357
966
286
932
145
18
523
599
762
623
169
988
634
876
645
326
658
722
916
717
584
978
330
4
53
664
742
935
951
426
633
597
548
88
304
562
226
997
695
19
799
980
740
949
605
743
120
748
262
282
29
570
267
132
544
56
711
887
895
435
567
910
882
85
131
583
591
774
188
972
793
915
662
773
329
719
908
974
463
259
383
205
537
187
788
434
893
347
534
608
486
239
531
311
89
130
126
281
984
648
317
828
735
466
359
617
945
125
883
651
483
937
678
135
521
832
638
139
278
137
950
796
967
542
781
601
266
497
288
598
371
609
677
976
25
160
332
296
231
16
181
458
703
393
198
629
574
470
812
770
41
257
105
669
287
550
102
429
449
865
443
547
528
400
750
957
894
778
200
176
364
242
787
337
428
546
697
731
459
293
902
408
798
452
388
247
214
174
464
582
241
543
849
755
879
809
590
21
394
759
5
712
300
884
527
40
136
128
305
791
263
192
307
618
767
97
906
506
806
418
468
474
846
354
373
725
855
490
216
751
168
76
284
909
733
50
898
268
327
171
215
701
397
318
170
580
57
520
202
469
556
272
10
303
741
190
325
111
9
315
488
715
982
896
60
348
539
261
779
453
679
905
150
505
179
907
903
805
611
671
709
674
15
355
856
836
391
454
529
692
690
766
451
780
177
301
864
804
492
863
83
291
475
117
660
395
264
624
422
891
606
696
684
728
412
942
938
34
726
191
934
107
186
559
294
369
104
995
251
636
625
714
59
158
721
75
392
481
440
384
271
794
217
48
77
589
484
917
254
737
920
386
313
509
491
206
129
575
424
462
987
260
954
752
279
837
194
229
786
595
420
309
729
929
510
402
36
375
471
504
500
27
870
749
960
702
403
899
448
221
421
946
116
813
996
572
71
230
986
503
236
493
516
342
998
661
58
413
943
61
745
366
705
283
33
622
274
101
944
243
477
374
133
343
6
833
99
810
868
140
931
992
147
273
222
360
37
581
653
585
927
55
331
455
991
30
444
210
255
713
941
22
592
228
993
154
639
977
461
308
387
20
436
871
789
480
708
258
323
341
253
275
114
545
808
86
51
8
49
573
17
64
603
924
87
657
334
433
515
983
62
890
511
427
196
324
299
79
156
277
43
830
499
852
782
614
415
817
985
795
604
851
738
312
74
811
219
535
204
31
829
494
96
824
553
815
396
159
2
881
3
710
552
706
72
423
165
686
827
414
803
814
918
245
857
955
689
655
627
685
439
276
189
790
199
620
350
676
698
797
450
647
801
784
512
565
775
840
84
602
971
401
777
880
754
269
578
78
630
641
167
47
353
109
619
185
646
381
460
207
66
155
479
321
644
928
563
319
594
149
831
933
382
248
771
164
146
445
344
157
587
23
693
872
489
218
925
356
430
419
68
687
834
524
211
32
409
141
736
867
670
610
588
923
718
688
519
417
290
747
897
555
295
530
223
404
551
631
848
939
866
225
802
297
844
161
411
727
106
886
963
922
193
119
178
340
640
700
134
962
765
525
914
256
859
65
338
42
292
82
892
361
776
152
498
753
560
904
122
162
522
456
380
800
707
336
24
596
626
761
180
956
825
979
240
643
853
335
637
819
720
682
197
166
95
144
760
953
673
947
586
999
568
571
549
862
346
11
316
103
901
363
398
973
232
994
666
792
613
377
835
472
533
948
90
432
237
407
138
860
668
763
926
110
681
650
213
961
579
615
385
91
485
536
487
446
826
163
306
724
858
716
285
621
758
769
201
842
352
818
675
220
143
838
250
694
362
438
252
457
873
841
861
127
26
501
208
113
389
785
913
683
495
593
807
783
153
123
816
467
772
92
764
746
911
730
44
975
616
339
970
195
372
118
405
508
554
14
431
482
322
518
699
93
13
839
399
564
249
667
203
496
67
642
184
212
465
843
173
680
989
921
981
333
183
365
820
869
94
507
45
526
70
235
473
656
659
607
52
874
224
302
566
406
885
768
447
900
233
244
513
358
845
875
734
478
182
889
349
142
121
940
672
665
112
532
69
969
628
541
314
744
1
345
390
151
172
238
958
351
298
124
649
757
990
652
227
115
370
289
81
376
964
847
732
100
39
723
416
476
514
328
0
877
270
878
663
320
441
310
379
952
569
576
739
98
704
965
437
7
148
367
635
425
632
850
756
654
265
442
821
280
930
600
12
502
73
558
246
108
54
888
378
612
80
63
823
46
577
209
968
35
959
561
368
557
38
410
822
538
175
234
854
517
936
28
691
919
540
912
357
966
286
932
145
18
523
599
762
623
169
988
634
876
645
326
658
722
916
717
584
978
330
4
53
664
742
935
951
426
633
597
548
88
304
562
226
997
695
19
799
980
740
949
605
743
120
748
262
282
29
570
267
132
544
56
711
887
895
435
567
910
882
85
131
583
591
774
188
972
793
915
662
773
329
719
908
974
463
259
383
205
537
187
788
434
893
347
534
608
486
239
531
311
89
130
126
281
984
648
317
828
735
466
359
617
945
125
883
651
483
937
678
135
521
832
638
139
278
137
950
796
967
542
781
601
266
497
288
598
371
609
677
976
25
160
332
296
231
16
181
458
703
393
198
629
574
470
812
770
41
257
105
669
287
550
102
429
449
865
443
547
528
400
750
957
894
778
200
176
364
242
787
337
428
546
697
731
459
293
902
408
798
452
388
247
214
174
464
582
241
543
849
755
879
809
590
21
394
759
5
712
300
884
527
40
136
128
305
791
263
192
307
618
767
97
906
506
806
418
468
474
846
354
373
725
855
490
216
751
168
76
284
909
733
50
898
268
327
171
215
701
397
318
170
580
57
520
202
469
556
272
10
303
741
190
325
111
9
315
488
715
982
896
60
348
539
261
779
453
679
905
150
505
179
907
903
805
611
671
709
674
15
355
856
836
391
454
529
692
690
766
451
780
177
301
864
804
492
863
83
291
475
117
660
395
264
624
422
891
606
696
684
728
412
942
938
34
726
191
934
107
186
559
294
369
104
995
251
636
625
714
59
158
721
75
392
481
440
384
271
794
217
48
77
589
484
917
254
737
920
386
313
509
491
206
129
575
424
462
987
260
954
752
279
837
194
229
786
595
420
309
729
929
510
402
36
375
471
504
500
27
870
749
960
702
403
899
448
221
421
946
116
813
996
572
71
230
986
503
236
493
516
342
998
661
58
413
943
61
745
366
705
283
33
622
274
101
944
243
477
374
133
343
6
833
99
810
868
140
931
992
147
273
222
360
37
581
653
585
927
55
331
455
991
30
444
210
255
713
941
22
592
228
993
154
639
977
461
308
387
20
436
871
789
480
708
258
323
341
253
275
114
545
808
86
51
8
49
573
17
64
603
924
87
657
334
433
515
983
62
890
511
427
196
324
299
79
156
277
43
830
499
852
782
614
415
817
985
795
604
851
738
312
74
811
219
535
204
31
829
494
96
824
553
815
396
159
2
881
3
710
552
706
72
423
165
686
827
414
803
814
918
245
857
955
689
655
627
685
439
276
189
790
199
620
350
676
698
797
450
647
801
784
512
565
775
840
84
602
971
401
777
880
754
269
578
78
630
641
167
47
353
109
619
185
646
381
460
207
66
155
479
321
644
928
563
319
594
149
831
933
382
248
771
164
146
445
344
157
587
23
693
872
489
218
925
356
430
419
68
687
834
524
211
32
409
141
736
867
670
610
588
923
718
688
519
417
290
747
897
555
295
530
223
404
551
631
848
939
866
225
802
297
844
161
411
727
106
886
963
922
193
119
178
340
640
700
134
962
765
525
914
256
859
65
338
42
292
82
892
361
776
152
498
753
560
904
122
162
522
456
380
800
707
336
24
596
626
761
180
956
825
979
240
643
853
335
637
819
720
682
197
166
95
144
760
953
673
947
586
999
568
571
549
862
346
11
316
103
901
363
398
973
232
994
666
792
613
377
835
472
533
948
90
432
237
407
138
860
668
763
926
110
681
650
213
961
579
615
385
91
485
536
487
446
826
163
306
724
858
716
285
621
758
769
201
842
352
818
675
220
143
838
250
694
362
438
252
457
873
841
861
127
26
501
208
113
389
785
913
683
495
593
807
783
153
123
816
467
772
92
764
746
911
730
44
975
616
339
970
195
372
118
405
508
554
14
431
482
322
518
699
93
13
839
399
564
249
667
203
496
67
642
184
212
465
843
173
680
989
921
981
333
183
365
820
869
94
507
45
526
70
235
473
656
659
607
52
874
224
302
566
406
885
768
447
900
233
244
513
358
845
875
734
478
182
889
349
142
121
940
672
665
112
532
69
969
628
541
314
744
1
345
390
151
172
238
958
351
298
124
649
757
990
652
227
115
370
289
81
376
964
847
732
100
39
723
416
476
514
328
0
877
270
878
663
320
441
310
379
952
569
576
739
98
704
965
437
7
148
367
635
425
632
850
756
654
265
442
821
280
930
600
12
502
73
558
246
108
54
888
378
612
80
63
823
46
577
209
968
35
959
561
368
557
38
410
822
538
175
234
854
517
936
28
691
919
540
912
357
966
286
932
145
18
523
599
762
623
169
988
634
876
645
326
658
722
916
717
584
978
330
4
53
664
742
935
951
426
633
597
548
88
304
562
226
997
695
19
799
980
740
949
605
743
120
748
262
282
29
570
267
132
544
56
711
887
895
435
567
910
882
85
131
583
591
774
188
972
793
915
662
773
329
719
908
974
463
259
383
205
537
187
788
434
893
347
534
608
486
239
531
311
89
130
126
281
984
648
317
828
735
466
359
617
945
125
883
651
483
937
678
135
521
832
638
139
278
137
950
796
967
542
781
601
266
497
288
598
371
609
677
976
25
160
332
296
231
16
181
458
703
393
198
629
574
470
812
770
41
257
105
669
287
550
102
429
449
865
443
547
528
400
750
957
894
778
200
176
364
242
787
337
428
546
697
731
459
293
902
408
798
452
388
247
214
174
464
582
241
543
849
755
879
809
590
21
394
759
5
712
300
884
527
40
136
128
305
791
263
192
307
618
767
97
906
506
806
418
468
474
846
354
373
725
855
490
216
751
168
76
284
909
733
50
898
268
327
171
215
701
397
318
170
580
57
520
202
469
556
272
10
303
741
190
325
111
9
315
488
715
982
896
60
348
539
261
779
453
679
905
150
505
179
907
903
805
611
671
709
674
15
355
856
836
391
454
529
692
690
766
451
780
177
301
864
804
492
863
83
291
475
117
660
395
264
624
422
891
606
696
684
728
412
942
938
34
726
191
934
107
186
559
294
369
104
995
251
636
625
714
59
158
721
75
392
481
440
384
271
794
217
48
77
589
484
917
254
737
920
386
313
509
491
206
129
575
424
462
987
260
954
752
279
837
194
229
786
595
420
309
729
929
510
402
36
375
471
504
500
27
870
749
960
702
403
899
448
221
421
946
116
813
996
572
71
230
986
503
236
493
516
342
998
661
58
413
943
61
745
366
705
283
33
622
274
101
944
243
477
374
133
343
6
833
99
810
868
140
931
992
147
273
222
360
37
581
653
585
927
55
331
455
991
30
444
210
255
713
941
22
592
228
993
154
