0 32
0 16
0 80
0 33
0 99
0 51
0 68
0 20
0 5
0 37
0 69
0 85
0 38
0 86
0 23
0 8
0 72
0 56
0 73
0 57
0 90
0 11
0 59
0 92
0 12
0 30
0 14
0 31
0 95
0 47
1 48
1 33
1 65
1 97
1 49
1 18
1 3
1 35
1 83
1 4
1 20
1 84
1 5
1 37
1 53
1 38
1 54
1 86
1 71
1 55
1 87
1 56
1 9
1 41
1 25
1 28
1 29
1 14
1 46
1 63
2 96
2 81
2 66
2 19
2 52
2 6
2 22
2 7
2 39
2 40
2 24
2 89
2 10
2 42
2 74
2 26
2 58
2 43
2 75
2 60
2 12
2 76
2 93
2 94
3 65
3 97
3 18
3 35
3 83
3 4
3 20
3 84
3 5
3 37
3 53
3 86
3 71
3 55
3 87
3 56
3 9
3 41
3 25
3 28
3 14
3 63
4 65
4 97
4 49
4 18
4 83
4 20
4 84
4 5
4 53
4 54
4 86
4 71
4 55
4 87
4 9
4 41
4 25
4 28
4 29
4 46
4 63
4 15
5 32
5 48
5 80
5 33
5 65
5 97
5 98
5 18
5 35
5 83
5 20
5 84
5 37
5 53
5 85
5 38
5 86
5 71
5 55
5 87
5 8
5 72
5 56
5 9
5 41
5 73
5 25
5 92
5 28
5 30
5 14
5 63
5 95
6 96
6 81
6 19
6 52
6 22
6 7
6 39
6 40
6 24
6 88
6 89
6 10
6 42
6 74
6 26
6 58
6 43
6 75
6 60
6 44
6 76
6 93
6 13
6 62
6 94
7 96
7 16
7 81
7 66
7 67
7 36
7 52
7 69
7 22
7 39
7 40
7 24
7 89
7 10
7 42
7 74
7 26
7 58
7 91
7 75
7 60
7 12
7 76
7 93
7 77
7 94
7 31
8 32
8 16
8 80
8 33
8 99
8 51
8 68
8 20
8 37
8 69
8 21
8 85
8 38
8 86
8 23
8 72
8 56
8 73
8 57
8 90
8 11
8 59
8 92
8 12
8 30
8 14
8 31
8 95
8 47
9 65
9 97
9 49
9 18
9 35
9 83
9 20
9 84
9 37
9 53
9 54
9 86
9 71
9 55
9 87
9 56
9 41
9 25
9 28
9 29
9 14
9 46
9 63
9 15
10 96
10 16
10 81
10 66
10 67
10 99
10 51
10 36
10 52
10 69
10 21
10 22
10 39
10 40
10 24
10 42
10 74
10 26
10 58
10 91
10 75
10 60
10 12
10 76
10 61
10 93
10 77
10 94
10 31
11 32
11 80
11 33
11 51
11 68
11 57
11 90
11 59
11 30
11 95
11 47
12 96
12 16
12 80
12 81
12 66
12 67
12 99
12 51
12 36
12 68
12 52
12 69
12 21
12 22
12 39
12 24
12 42
12 74
12 26
12 58
12 91
12 75
12 61
12 93
12 77
12 94
12 31
13 17
13 81
13 52
13 88
13 89
13 43
13 27
13 60
13 44
13 76
13 62
14 32
14 48
14 80
14 33
14 65
14 98
14 18
14 35
14 51
14 68
14 20
14 37
14 85
14 38
14 86
14 23
14 55
14 87
14 72
14 56
14 73
14 57
14 90
14 59
14 92
14 28
14 30
14 63
14 95
15 64
15 65
15 49
15 18
15 50
15 82
15 84
15 53
15 54
15 71
15 41
15 25
15 46
15 63
16 32
16 96
16 80
16 66
16 67
16 99
16 51
16 36
16 68
16 69
16 21
16 39
16 90
16 26
16 58
16 91
16 59
16 61
16 77
16 30
16 94
16 31
16 95
17 88
17 89
17 43
17 27
17 60
17 76
17 62
18 48
18 33
18 65
18 97
18 49
18 35
18 83
18 20
18 84
18 37
18 53
18 38
18 54
18 86
18 71
18 55
18 87
18 56
18 41
18 25
18 28
18 29
18 46
18 63
19 81
19 52
19 40
19 24
19 89
19 43
19 60
19 76
20 32
20 48
20 80
20 33
20 65
20 97
20 98
20 35
20 83
20 84
20 37
20 53
20 85
20 38
20 86
20 71
20 55
20 87
20 72
20 56
20 41
20 73
20 25
20 57
20 92
20 28
20 30
20 63
20 95
21 96
21 66
21 67
21 99
21 51
21 69
21 26
21 58
21 61
21 77
21 94
21 31
22 96
22 81
22 66
22 52
22 39
22 40
22 24
22 89
22 42
22 74
22 26
22 58
22 75
22 60
22 76
22 93
22 94
23 32
23 80
23 33
23 51
23 68
23 56
23 73
23 57
23 90
23 59
23 92
23 30
23 95
24 96
24 81
24 66
24 52
24 39
24 40
24 89
24 42
24 74
24 26
24 58
24 43
24 75
24 60
24 76
24 93
24 94
25 65
25 97
25 49
25 83
25 84
25 53
25 54
25 86
25 71
25 55
25 87
25 41
25 28
25 29
25 46
25 63
26 96
26 81
26 66
26 67
26 99
26 51
26 36
26 52
26 69
26 39
26 42
26 74
26 58
26 91
26 75
26 60
26 76
26 61
26 93
26 77
26 94
26 31
27 34
27 70
27 88
27 89
27 43
27 60
27 76
27 45
27 62
27 78
27 79
28 65
28 97
28 35
28 83
28 84
28 37
28 53
28 54
28 86
28 71
28 55
28 87
28 56
28 41
28 29
28 63
29 65
29 83
29 84
29 53
29 54
29 71
29 41
29 46
29 63
30 32
30 80
30 33
30 99
30 51
30 68
30 37
30 69
30 85
30 38
30 86
30 72
30 56
30 73
30 57
30 90
30 59
30 92
30 95
30 47
31 96
31 80
31 66
31 67
31 99
31 51
31 36
31 68
31 69
31 39
31 58
31 91
31 75
31 61
31 77
31 94
32 80
32 33
32 99
32 51
32 68
32 37
32 69
32 85
32 38
32 86
32 72
32 56
32 73
32 57
32 90
32 59
32 92
32 95
32 47
33 48
33 80
33 98
33 35
33 51
33 68
33 37
33 85
33 38
33 86
33 55
33 87
33 72
33 56
33 73
33 57
33 90
33 59
33 92
33 95
33 47
34 88
34 45
34 78
35 48
35 65
35 37
35 38
35 86
35 55
35 87
35 56
35 63
36 96
36 66
36 67
36 69
36 39
36 58
36 91
36 75
36 77
36 94
37 48
37 80
37 65
37 98
37 85
37 38
37 86
37 55
37 87
37 72
37 56
37 73
37 57
37 92
37 63
37 95
38 48
38 80
38 98
38 85
38 86
38 55
38 87
38 72
38 56
38 73
38 57
38 92
38 95
39 96
39 81
39 66
39 67
39 52
39 69
39 40
39 42
39 74
39 58
39 91
39 75
39 60
39 76
39 93
39 94
40 96
40 81
40 52
40 89
40 42
40 58
40 43
40 75
40 60
40 76
40 93
40 94
41 64
41 65
41 97
41 49
41 50
41 82
41 83
41 84
41 53
41 54
41 86
41 71
41 55
41 87
41 46
41 63
42 96
42 81
42 66
42 52
42 74
42 58
42 75
42 60
42 76
42 93
42 94
43 81
43 52
43 88
43 89
43 60
43 44
43 76
43 62
44 81
44 52
44 88
44 89
44 60
44 76
44 62
45 70
45 88
45 89
45 76
45 78
45 79
46 65
46 49
46 83
46 84
46 53
46 54
46 71
46 63
47 80
47 99
47 51
47 68
47 73
47 57
47 90
47 59
47 95
48 98
48 86
48 55
48 87
48 56
48 73
48 92
48 95
49 64
49 65
49 50
49 82
49 84
49 53
49 54
49 71
49 63
50 65
50 82
50 84
50 53
50 71
50 63
51 80
51 66
51 99
51 68
51 69
51 56
51 73
51 57
51 90
51 58
51 59
51 61
51 77
51 95
52 96
52 81
52 66
52 88
52 89
52 74
52 58
52 75
52 60
52 76
52 93
52 62
52 94
53 64
53 65
53 97
53 82
53 83
53 84
53 54
53 86
53 71
53 55
53 87
53 63
54 65
54 83
54 84
54 71
54 63
55 65
55 97
55 83
55 84
55 86
55 71
55 87
55 56
55 63
56 80
56 98
56 68
56 85
56 86
56 87
56 72
56 73
56 57
56 90
56 59
56 92
56 63
56 95
57 80
57 68
57 86
57 72
57 73
57 90
57 59
57 92
57 95
58 96
58 81
58 66
58 67
58 99
58 69
58 89
58 74
58 91
58 75
58 60
58 76
58 61
58 93
58 77
58 94
59 80
59 99
59 68
59 69
59 73
59 90
59 95
60 96
60 81
60 88
60 89
60 74
60 75
60 76
60 93
60 62
60 94
61 96
61 66
61 67
61 99
61 69
61 77
62 81
62 70
62 88
62 89
62 76
63 64
63 65
63 97
63 82
63 83
63 84
63 86
63 71
63 87
64 84
65 97
65 82
65 83
65 84
65 86
65 71
65 87
66 96
66 81
66 67
66 99
66 69
66 74
66 91
66 75
66 93
66 77
66 94
67 96
67 81
67 99
67 69
67 74
67 91
67 75
67 77
67 94
68 80
68 99
68 69
68 73
68 90
68 92
68 95
69 96
69 80
69 99
69 90
69 91
69 77
69 94
69 95
70 88
70 89
70 76
70 78
71 97
71 82
71 83
71 84
71 86
71 87
72 80
72 85
72 86
72 73
72 92
72 95
73 80
73 98
73 85
73 86
73 90
73 92
73 95
74 96
74 81
74 75
74 76
74 93
74 94
75 96
75 81
75 76
75 93
75 94
76 96
76 81
76 88
76 89
76 93
76 94
76 78
77 96
77 99
77 91
77 94
78 88
78 89
78 79
79 88
80 98
80 99
80 85
80 86
80 90
80 92
80 95
81 96
81 88
81 89
81 93
81 94
82 84
83 97
83 84
83 86
83 87
84 97
84 86
84 87
85 86
85 92
85 95
86 97
86 98
86 87
86 92
86 95
87 97
88 89
89 93
89 94
90 99
90 95
91 96
91 94
92 98
92 95
93 96
93 94
94 96
95 98
95 99
